# This file may be used to create an environment using:
# $ conda create --name <env> --file <this file>
# platform: osx-64
audioread=2.1.6=py37_0
blas=1.0=mkl
bzip2=1.0.6=h1de35cc_1002
ca-certificates=2019.3.9=hecc5488_0
certifi=2019.3.9=py37_0
click=7.0=py37_0
cycler=0.10.0=py_1
decorator=4.3.2=py_0
ffmpeg=4.1=heb45b42_1002
flask=1.0.2=py37_1
freetype=2.9.1=h597ad8a_1005
gettext=0.19.8.1=hcca000d_1001
gmp=6.1.2=h0a44026_1000
gnutls=3.6.5=h53004b3_1001
intel-openmp=2019.1=144
itsdangerous=1.1.0=py37_0
jinja2=2.10.1=py37_0
joblib=0.13.2=py_0
kiwisolver=1.0.1=py37h04f5b5a_1002
lame=3.100=h1de35cc_1001
libcxx=4.0.1=hcfea43d_1
libcxxabi=4.0.1=hcfea43d_1
libedit=3.1.20181209=hb402a30_0
libffi=3.2.1=h475c297_4
libgfortran=3.0.1=0
libiconv=1.15=h1de35cc_1004
libpng=1.6.36=ha441bb4_1000
librosa=0.6.3=py_0
llvmlite=0.25.0=py37h3fea490_1001
markupsafe=1.1.1=py37h1de35cc_0
matplotlib=3.0.3=py37_0
matplotlib-base=3.0.3=py37hf043ca5_0
mkl=2019.1=144
mkl_fft=1.0.10=py37h1de35cc_1
mkl_random=1.0.2=py37h1702cab_2
ncurses=6.1=h0a44026_1
nettle=3.4.1=h3efe00b_1002
numba=0.40.1=py37h1702cab_1000
numpy=1.16.2=py37hacdab7b_0
numpy-base=1.16.2=py37h6575580_0
openh264=1.8.0=hd9629dc_1000
openssl=1.1.1b=h01d97ff_2
pip=19.0.3=py37_0
pyparsing=2.3.1=py_0
python=3.7.2=haf84260_0
python-dateutil=2.8.0=py_0
readline=7.0=h1de35cc_5
resampy=0.2.1=py_1
scikit-learn=0.20.2=py37h27c97d8_0
scipy=1.2.1=py37h1410ff5_0
setuptools=40.8.0=py37_0
six=1.12.0=py37_1000
sox=14.4.2=h6b34545_1012
sqlite=3.26.0=ha441bb4_0
tk=8.6.8=ha441bb4_0
tornado=5.1.1=py37h1de35cc_1000
werkzeug=0.14.1=py37_0
wheel=0.33.1=py37_0
x264=1!152.20180717=h1de35cc_1001
xz=5.2.4=h1de35cc_4
zlib=1.2.11=h1de35cc_3
